1110000110011110110101011100011000101101010001011110111000111111111110100000011001110110010001100111111101011000111100010110011111
1011000000111110011111100010100001000001110001000011111101110100001111101001110001111100011000010110110111010111110010100100110111
1001100110011000110000001010101000101000101011001101111100001010000001100110001100000110101100110101110111110101001010010101101111
0110110101100011011011011100101101110000101010001100010010101100000111100111010010000110100001101101110001110000100110010110001100
0011000110110101000111100001001100000101100110011001000001001101111011100100110011000010010011011001011111100110000000010101010100
1011111101110001001101010001100000101100000110110011001010110101000110100011110011101100010101111010001101000011010001111100001010
1101011011010010000100111010111011111100110011010010000110110100101010100101001110111011010000011110111000101110100001010001111011
0100101101010001000010111101100101100101000111011010101000001110011000110110101100001011101001001101000010111111111111011100000110
0100001001110011000111100101101110110001011010100110000000100111100110111110101000110110000011010011111111000110000100110001010010
1011111110101100010001001010110111111001100001011110000100111000100111000011110101011110101101111110010011110001100110011010000101
1110101001010000001100010001001110001011110101100110001010101101010110000100010001111010111000011011011100010111101000001100011101
1000001001010000010000101100111000001111000011010010011110011011110001000010110001110011101100011111101100010110010111100110000110
0000000101001010100011110000011101111000111011011011001011100111100000100010011001100100110010100110011101011011111000000000100101
1111110111001000001110001001100101110011000111011101001101100110011010001011110100000110111111110110101100011100101101011010110010
1110101000101110111000110000011110101010100001110010011110000110011100000010000000011101110000111110110011111111100100000111001110
0100101110111011000100001101101100000110110011100100110011100001011001111101100011000101101111000111110000110111010001001001010111
1001101101101011001110110111011110010100111100111001101010100111101001100000011110111100010111111001110010011111111100000101000000
0110010101101000101000011010111010100100100010000100111111100110101011100100010100100010111100110000001100111101100110011101010010
0100110001001101111011001110011110011110101111011100110011011100001110010000001000101001010100001110111010111000110000011111101110
1001000100101111100111001011010011010111010011000101010111100111111100101110010111010000100011011110001011001111001001010001000000
1011010001000100110101101110110100111001011010010001101101000010001000100101011010111010110010000000101101000001000111111111011010
1111010001010010100010010111111101011010001000010000001101111111000110101110001100100110101000000110000111110000010001010001010011
0010110010110110110011101100110011100000110100101010010110011001110110110101010010101101010111001001011100101111111010100000110001
1100000000001100011010110011001111100011011010111000110000000010110111100101011001101100001011011001011110111010000110001011101101
0000111100100011110100111000010101111111000011111001011011011000100101001011010000011101011101111000100110111110111110100001110100
0000000011011010010010000001110001000111111100101011010011111110100100101101110011111100000001001110011011011001001010011101000001
0111101101110100000101011001000100011010010101010100000110101011100010100000101010010111010010001000010111101010000001110110110001
0011101010000000110011001010010111000000000110110111011101100001110100110010010111010110100111100010111100000011000000111000111001
1101111010001110110110010010100100110011010101000100111000100101100100011110110111001011100001010100001101010010101001101011101100
0000010000101110011110000100011100000001010010010001111011100110101100000100100010110000010010101110100111001100100110000111011111
0111011000010010101001101101101001101101000110110001011011100011001110000101110101001101001010010001001010111111100110001110001001
1000100100001110101001110000110001110111000101101010110001001100101010011011000010110111100010011001010011110101010101100010100111
0111101101011111101011010011001100111111110111011011011101101010001000110001001011110000100100101010010110100111010000111111001110
1001011011001111100011000111001110001100001010001010110101001000000110010110101100110111110110101010110100010001111101011010100011
1111100101010011100001111001100010110000111001000110111010011000000111010110011001000110001000110000011011100010100110000001111000
1101010101100000001100101001100101100001011110010111100000010111100110111001001101100100000001110110010011000111001000001000100000
0111111000100010000010000111001110001000111101101101000011001001001001010001001101000001110100100011100001100011110010101011011011
1100000111011010010110101001010011100001110110011001101000010101001001011111010010001111000110101011110001101011001111000100111111
0001110101001100001011101100111011110110000010010101010001111000100000000000110111011010000110111100100010100111100001011111010001
0001000111110101110111010010000101110001000011110010111110010011011110000000000000101010111101110100000111111100110110110100111010
0011101101010011101100110010001011001011110000010101101010000111101000001010000111010011001000101000101101101100011100011110111110
0110000111101001100110000110110111100101001011110010100000000000101011011110100000001101010101110001101011111100011111111000110101
1010110100010011101110111101101111001001010111001110110000010101000100110100110011011100110110011011011101101100001100110001111111
0101100101111011011000010001110101100001010011011110011000011001110101100011111111010101110011011001111110010010111011100001101100
0010100011010000110000111001100011000011001111101110010011101011110000000111111110001101110000100101101000101010101100001001000000
0011000110110010011000011110110101010110010101000000011011000111100011010010001011010110010000011000110101011001010000010011110110
0010001000101110011110111101010111001011011001010000010000101011111111010101010011001111111110011100000111100010100001101001110100
0100101111111100101001000100111001101101111100011111101110000110000010010100110011111000100111110000001011111000000101101101001101
1011010011010101011100101101001111000110001101111001100100001101101011101111110011100011101000011111011001010101111101010011011111
1101111100110111111000111101110101111110100001111111101100111110111111110110010010101011011101011001000110001011101101101001111000
1011111110100100101000001000001100101111100010101000100111111000000011100001000111111000011010110000001001101110000101110001101011
1011001010110011001010100010100001001111101011010110110000111000110101100101000111010001010011101101001011101111111110011000100010
1011110010110111110101011110011110111111001100111100011111101110111100011111110111000111001000010101000011111011000000101100010101
0011111110111001111111110110010101011111010000110011110011000000101001001011001001000011101101010101110001110110100010101100000100
1101101011011101000000010010000000110000101011010001010001100110011010010111110011010111000110101100110111010001101110110000010011
1111001001111111111110000001001110001100011000110001101011000100010000110011110111100001110011111011000110100110011000100011001000
0000001000001101011110011111110101001000010110000101111110010100011111100011111001001010101010011011011000001011110010110010000101
0011101110000100010011110011011100110000100101011011010100100000110110000100110100000001110110011011110011011100000100110000011111
1010001110100101011010001110001101000110111001011100100110110010001000111011101011001010111111101010111111000000010110110101010110
0011011100110011000011010001000011100010101001010010000000010011110100001101111001110111001011100001010100110011010010000100001110
0010001100001000100101101000001000010001101011101011100111011100011110110010001000010010110100000011101011111010010111001010111010
0101110010110011010100100000111011011111110000010100011110010100001001010011001010000101110001011100010001001001000100110101111000
1001101100000111001001100001111100010011111000000001111000001100001010111000000101010010011100101010101110010000010110000111100000
1110101111110100011101101111110010010110000100011101100101100100110001010001000100000010110100011000110101110100001011010101001100
1010110001101000000010011011010110111011000001100111101110100110111010011111101110101000001001101100000000001001001001100101000111
1000101101111101101001000110110001000011101111110100111010010111011110011101100000110010110010000000010010100110001011001010100011
1110110010000101000100110101001011001011110110001011101001111000010010011110101100100111111011000011110111111101010001011101100001
1010111111000000010001110100110001110100100100110011100000001011001111011111011100000100111001110000101101000100101111010001001000
1001111111111101100111001100111101000001010011111101101101101110001100001001101000101110000011000111011101100100111001000000110110
0111101100111001011111100010110010000010100001111000110001010000001100011010010010000100011000000000010111110010011100110010110110
0011111001101000000000001001100110000000011110111111100110000001101011101001000000101001000011111101000110100000001101001000001000
0000001110100011101011010011111000011110011111011000000011111011011011101101000101010111010111111101110101001011010111101110111001
1100100100000110011001111101000000111001011110010000100110000100100000001101100110001000001011100010101101111101111001101010011000
0011001101101000000111001111101011000101111010111111000100000111110000011001111100111111000110011110100101101100101011000111011111
1101010011010011010110010101000111101010010110110111000011110110100111101010001101011000011000100110100000010110011011001000010100
1111100010011100000000010111111000000011011011001110101000101011110001001000011100101000111101000001111010000000111010111101111111
1001010001101111001110111110011101101101011111001101101111001100111110000111010001101011111000111100110111001000000110111011100011
1010011110111010001100100011101000101110010110110001100110101100011100010100010110101100010000000011011001011110100110010111000001
1000101110011110010011100110100011101010011100100010010011001100010111010111100110110111100101011111011001001110111110001000100011
1101101000101000001011010111011001001011010100101100010011111100000001001101011100101110011001011010000110101111001110101010110011
1000100000101000010011101011110111011110001010000001010011011100100001001010000001010101101100101010110011010000111100110000110110
1101010111101100000111010011100101101100010011010001111100000111010101101101011111010100110101101001011000110011111001011110000001
0100011100100001100111011000111010101110110011111100010000110100000011101101010101100001110110001010100110100111011111011100110000
0111101110110100010001100010000111111010101110110100101000111100101111010100100101011101001100100111111101111011110101011001010010
0111110111101110000001110110000100011100000000000010110101100110111100001001100100111100000000100011001101101110000011111100011001
0111101000110001101110010001110111101110100110000111110011110101001100111100011110110001101100010111000101010111010010111100101011
